468 417
469 486
478 576
497 665
521 840
543 1016
570 1119
637 1119
891 1042
1114 940
1253 801
1311 528
1184 274
936 174
772 281
772 686
947 843
1192 877
1294 855
1346 832
1401 800
1444 773
1475 749
1545 687
1658 566
1861 287
1919 36
1895 0
1875 0
1851 9
1665 165
1601 231
1600 233
1600 234
1592 241
1573 263
1557 278
1545 287
1526 299
1514 307
1502 313
1482 316
1457 322
1086 412
575 568
565 580
565 581
565 581
590 606
603 693
679 872
738 954
746 971
740 968
647 918
536 866
430 803
321 727
217 650
196 642
196 642
196 642
196 642
196 642
196 642
196 638
197 623
197 615
197 615
197 615
197 615
197 615
196 610
195 609
195 609
196 609
198 612
198 617
198 618
198 640
200 648
200 649
200 649
254 672
471 793
598 888
625 908
643 935
655 955
660 965
664 971
665 971
665 971
667 969
691 945
729 899
749 852
751 839
754 821
771 779
778 661
735 542
725 507
720 486
717 445
735 429
784 438
831 464
858 489
866 507
868 522
868 524
868 524
868 524
868 524
868 524
868 524
868 524
859 521
856 508
846 498
846 496
845 482
845 474
845 471
845 504
878 759
902 817
902 814
899 803
863 725
848 704
848 704
848 704
848 705
848 705
848 705
848 705
848 705
847 705
847 705
847 705
846 705
840 698
838 697
835 696
835 694
834 692
833 691
824 684
704 607
506 582
453 582
453 582
445 590
439 591
397 594
314 608
239 629
210 613
210 613
209 616
209 621
209 622
209 622
209 622
209 622
213 629
221 644
234 650
266 630
431 590
576 737
694 1024
705 1061
705 1062
704 1063
681 1073
672 1077
658 1095
652 1099
651 1099
651 1099
651 1099
651 1099
651 1107
651 1108
651 1118
640 1137
629 1147
609 1150
607 1150
607 1150
605 1116
615 461
710 63
875 61
979 163
931 446
